30 100
11 30
11 16
24 10
4 6
5 18
20 15
29 16
13 25
26 5
20 21
18 27
16 26
25 30
10 29
17 1
20 25
16 13
8 21
30 7
27 2
7 25
26 6
22 30
19 18
20 4
10 3
22 13
30 12
22 15
18 22
22 29
10 4
3 23
11 17
12 3
24 14
6 11
19 22
27 15
6 16
17 24
6 18
26 12
9 17
3 4
10 1
8 5
26 10
14 26
9 19
21 10
15 4
20 19
12 14
25 6
28 2
7 19
23 29
17 8
21 25
14 3
19 3
29 7
13 28
26 11
20 10
25 28
15 5
11 28
20 2
24 1
25 3
27 5
2 22
4 18
9 26
13 21
1 27
22 6
14 27
20 23
9 18
1 13
22 25
19 25
23 18
19 4
16 1
19 5
15 6
21 14
23 4
9 22
13 14
22 1
22 5
11 24
9 20
11 22
30 26
5
0 
0 
0 
2 1 4 
1 2 
0 
2 4 2 
3 2 5 3 
2 1 4 
4 5 2 4 1 
2 2 1 
0 
3 1 5 4 
4 1 3 4 5 
0 
0 
0 
0 
1 5 
4 4 2 3 5 
3 3 4 5 
1 5 
2 3 4 
0 
4 3 4 1 5 
2 4 1 
4 3 2 1 4 
0 
2 5 2 
4 1 5 2 4 
